 74.82142 54.405611 -975363.6
 87.22038 49.221870 -974753.3
100.02320 50.551363 -974106.1
112.30820 48.115588 -973515.0
125.24020 47.510053 -972900.6
137.42620 45.757427 -972343.0
149.97720 45.805115 -971768.1
162.39460 45.613413 -971201.7
174.74940 46.662026 -970625.2
186.52280 48.337778 -970056.1
199.97260 44.379842 -969459.2
212.74110 45.267651 -968881.2
224.25470 49.836715 -968307.4
236.82540 46.584518 -967721.8
249.63730 43.732780 -967161.5
261.67870 46.082681 -966606.6
274.22540 46.219325 -966026.7
287.00100 46.737531 -965429.6
299.46030 46.286710 -964852.9
310.91350 49.401041 -964287.1
324.81400 40.883421 -963718.8
336.86930 49.820411 -963118.2
349.65760 44.689286 -962546.7
361.70730 48.349751 -961964.1
375.12810 46.025572 -961346.4
388.21020 41.170760 -960807.8
398.88600 53.148242 -960240.4
411.14480 50.681959 -959619.1
423.76690 47.662433 -959017.5
437.46250 46.540495 -958380.1
449.29050 49.695637 -957792.3
464.17970 43.259544 -957148.2
474.33150 71.878879 -956418.5
485.84140 65.977984 -955659.1
499.69810 54.767730 -954900.2
512.87250 53.953121 -954189.4
524.36860 73.477092 -953344.7
538.58820 60.838561 -952479.6
548.25070 76.626132 -951739.2
560.82960 62.294795 -950955.6
573.88170 62.150918 -950144.4
586.82300 59.669430 -949372.2
599.19790 65.067192 -948567.0
612.08950 52.251078 -947893.4
623.88320 57.284822 -947217.8
636.38150 66.120992 -946391.4
647.45750 77.320332 -945535.0
662.16780 56.871716 -944698.4
674.26200 66.254899 -943897.1
685.76700 67.596697 -943119.4
696.74980 71.684816 -942332.1
711.22190 61.746395 -941438.5
724.24320 62.535999 -940624.2
735.13160 80.085228 -939752.2
750.50830 53.750154 -938925.7
760.82390 67.965024 -938224.6
773.88380 69.556428 -937316.2
787.07770 56.564018 -936569.9
799.02250 70.306744 -935730.1
810.40440 69.918028 -934934.3
820.99290 84.638995 -934038.1
834.57380 59.539500 -933229.5
847.31560 71.465570 -932318.9
862.11090 54.301028 -931515.5
872.70730 72.317013 -930749.2
885.95580 60.618183 -929946.1
895.92720 86.146379 -929087.1
913.61670 50.250148 -928198.2
924.12810 83.052686 -927325.2
934.87640 71.397337 -926557.8
948.11820 63.714903 -925714.1
959.28390 70.304594 -924929.1
974.48210 59.566264 -924023.8
987.75460 58.579770 -923246.3
998.77580 76.879106 -922399.0