7.499999999999999722e-03 0.000000000000000000e+00
2.249999999999999917e-02 0.000000000000000000e+00
3.750000000000000555e-02 0.000000000000000000e+00
5.250000000000000500e-02 0.000000000000000000e+00
6.750000000000000444e-02 0.000000000000000000e+00
8.250000000000001776e-02 0.000000000000000000e+00
9.750000000000000333e-02 0.000000000000000000e+00
1.125000000000000167e-01 0.000000000000000000e+00
1.275000000000000022e-01 0.000000000000000000e+00
1.425000000000000155e-01 0.000000000000000000e+00
1.575000000000000289e-01 0.000000000000000000e+00
1.725000000000000144e-01 0.000000000000000000e+00
1.875000000000000278e-01 0.000000000000000000e+00
2.025000000000000133e-01 0.000000000000000000e+00
2.175000000000000266e-01 0.000000000000000000e+00
2.325000000000000122e-01 0.000000000000000000e+00
2.475000000000000255e-01 0.000000000000000000e+00
2.625000000000000111e-01 0.000000000000000000e+00
2.775000000000000244e-01 0.000000000000000000e+00
2.925000000000000377e-01 0.000000000000000000e+00
3.075000000000000511e-01 4.091000140275468766e+01
3.225000000000000089e-01 0.000000000000000000e+00
3.375000000000000222e-01 0.000000000000000000e+00
3.525000000000000355e-01 0.000000000000000000e+00
3.675000000000000488e-01 0.000000000000000000e+00
3.825000000000000622e-01 0.000000000000000000e+00
3.975000000000000200e-01 0.000000000000000000e+00
4.125000000000000333e-01 0.000000000000000000e+00
4.275000000000000466e-01 0.000000000000000000e+00
4.425000000000000600e-01 0.000000000000000000e+00
4.575000000000000178e-01 0.000000000000000000e+00
4.725000000000000311e-01 0.000000000000000000e+00
4.875000000000000444e-01 0.000000000000000000e+00
5.025000000000000577e-01 0.000000000000000000e+00
5.174999999999999600e-01 0.000000000000000000e+00
5.324999999999999734e-01 0.000000000000000000e+00
5.474999999999999867e-01 0.000000000000000000e+00
5.625000000000000000e-01 0.000000000000000000e+00
5.775000000000000133e-01 0.000000000000000000e+00
5.925000000000000266e-01 0.000000000000000000e+00
6.075000000000000400e-01 0.000000000000000000e+00
6.225000000000000533e-01 9.984035565874505025e+00
6.374999999999999556e-01 0.000000000000000000e+00
6.524999999999999689e-01 0.000000000000000000e+00
6.674999999999999822e-01 0.000000000000000000e+00
6.824999999999999956e-01 0.000000000000000000e+00
6.975000000000000089e-01 0.000000000000000000e+00
7.125000000000000222e-01 0.000000000000000000e+00
7.275000000000000355e-01 0.000000000000000000e+00
7.425000000000000488e-01 0.000000000000000000e+00
7.575000000000000622e-01 0.000000000000000000e+00
7.724999999999999645e-01 0.000000000000000000e+00
7.874999999999999778e-01 0.000000000000000000e+00
8.024999999999999911e-01 0.000000000000000000e+00
8.175000000000000044e-01 0.000000000000000000e+00
8.325000000000000178e-01 0.000000000000000000e+00
8.475000000000000311e-01 5.049941764991018080e-03
8.625000000000000444e-01 1.137692126166057506e-02
8.775000000000000577e-01 4.553538768923902358e-02
8.925000000000000711e-01 8.803536868570130403e-02
9.074999999999999734e-01 1.497451905685139584e-01
9.224999999999999867e-01 4.806351687508245263e+00
9.375000000000000000e-01 3.549145094603156081e-01
9.525000000000000133e-01 5.570487496742265732e-01
9.675000000000000266e-01 7.439910358462673567e-01
9.825000000000000400e-01 7.702956194608350238e-01
9.975000000000000533e-01 1.040149197118694246e+00
1.012500000000000178e+00 1.131036098707616455e+00
1.027500000000000080e+00 1.092528730986400021e+00
1.042500000000000204e+00 1.182577224879092892e+00
1.057500000000000107e+00 1.186026683540140514e+00
1.072500000000000231e+00 1.198282002194790863e+00
1.087500000000000133e+00 1.148074856451845038e+00
1.102500000000000258e+00 1.367712035736914578e+00
1.117500000000000160e+00 1.336082784837362425e+00
1.132500000000000062e+00 1.452699323793835484e+00
1.147500000000000187e+00 1.490262637425294301e+00
1.162500000000000089e+00 1.446684862684344042e+00
1.177500000000000213e+00 1.478079739280330651e+00
1.192500000000000115e+00 1.319547661405199523e+00
1.207500000000000240e+00 1.262090956487362137e+00
1.222500000000000142e+00 1.165780167281634583e+00
1.237500000000000266e+00 3.668874075462170481e+00
1.252500000000000169e+00 1.018117784676979998e+00
1.267500000000000071e+00 1.028782044898272741e+00
1.282500000000000195e+00 1.045287517317656123e+00
1.297500000000000098e+00 1.062195531504279922e+00
1.312500000000000222e+00 1.103329059012559066e+00
1.327500000000000124e+00 1.221929374765455822e+00
1.342500000000000249e+00 1.147817306767091816e+00
1.357500000000000151e+00 1.237409537616710242e+00
1.372500000000000275e+00 1.141191672038091909e+00
1.387500000000000178e+00 1.108486382797140068e+00
1.402500000000000080e+00 1.071379601807625370e+00
1.417500000000000204e+00 1.031976487948604415e+00
1.432500000000000107e+00 9.486117780313171322e-01
1.447500000000000231e+00 8.574990434789345750e-01
1.462500000000000133e+00 8.326510926438465132e-01
1.477500000000000258e+00 7.238902785618489544e-01
1.492500000000000160e+00 7.061562827356913097e-01
1.507500000000000284e+00 6.597195079515172367e-01
1.522500000000000187e+00 6.859042649730388019e-01
1.537500000000000089e+00 2.435119923018760790e+00
1.552500000000000213e+00 8.828805262744147120e-01
1.567500000000000115e+00 9.748143830902179507e-01
1.582500000000000240e+00 1.056844127740880879e+00
1.597500000000000142e+00 9.551277636697552698e-01
1.612500000000000266e+00 9.141907047507040751e-01
1.627500000000000169e+00 9.289133636922294324e-01
1.642500000000000293e+00 8.452472755492016487e-01
1.657500000000000195e+00 8.132944240267787617e-01
1.672500000000000098e+00 7.797533249243318032e-01
1.687500000000000222e+00 7.128795222742594362e-01
1.702500000000000124e+00 6.995389134053285884e-01
1.717500000000000249e+00 6.373676362204687695e-01
1.732500000000000151e+00 5.881112976824437455e-01
1.747500000000000275e+00 6.022101134082319396e-01
1.762500000000000178e+00 5.729316355702027685e-01
1.777500000000000302e+00 6.654779221615017004e-01
1.792500000000000204e+00 7.465805489298150688e-01
1.807500000000000107e+00 8.893045871063361973e-01
1.822500000000000231e+00 9.471649808536592996e-01
1.837500000000000133e+00 1.016274783980550600e+00
1.852500000000000258e+00 2.138228911186394132e+00
1.867500000000000160e+00 1.001566643057931083e+00
1.882500000000000284e+00 9.474569333331853693e-01
1.897500000000000187e+00 9.372379636493616273e-01
1.912500000000000311e+00 9.156521535182651217e-01
1.927500000000000213e+00 8.897406053562333383e-01
1.942500000000000115e+00 8.520203943560917814e-01
1.957500000000000240e+00 8.412214625363241272e-01
1.972500000000000142e+00 8.371771010355485432e-01
1.987500000000000266e+00 8.417288713736071903e-01
2.002499999999999947e+00 8.065523709819635290e-01
2.017500000000000071e+00 8.296553429229270860e-01
2.032500000000000195e+00 8.297473032032176565e-01
2.047499999999999876e+00 8.969464014235852822e-01
2.062500000000000000e+00 1.028050730729642259e+00
2.077500000000000124e+00 1.132877786816239185e+00
2.092499999999999805e+00 1.194012183376275571e+00
2.107499999999999929e+00 1.259014126803852607e+00
2.122500000000000053e+00 1.231083188792410965e+00
2.137500000000000178e+00 1.228420267235551533e+00
2.152499999999999858e+00 1.974395375925177776e+00
2.167499999999999982e+00 1.122076352310629410e+00
2.182500000000000107e+00 1.084368506423238676e+00
2.197500000000000231e+00 1.046330255341358262e+00
2.212499999999999911e+00 1.006750419274115904e+00
2.227500000000000036e+00 9.871452103316099569e-01
2.242500000000000160e+00 9.804750907586450293e-01
2.257499999999999840e+00 9.667771190736740294e-01
2.272499999999999964e+00 9.503105633316852874e-01
2.287500000000000089e+00 9.207896522764558167e-01
2.302500000000000213e+00 9.129366503511932018e-01
2.317499999999999893e+00 8.804459097068932927e-01
2.332500000000000018e+00 9.520516863646660832e-01
2.347500000000000142e+00 1.014082125170678195e+00
2.362499999999999822e+00 1.169347665449943063e+00
2.377499999999999947e+00 1.221162381614700365e+00
2.392500000000000071e+00 1.150345207631604083e+00
2.407500000000000195e+00 1.146902778922320953e+00
2.422499999999999876e+00 1.103899702455142906e+00
2.437500000000000000e+00 1.070412053548840614e+00
2.452500000000000124e+00 1.007706789598437735e+00
2.467500000000000249e+00 1.590245848186227384e+00
2.482499999999999929e+00 9.320968940301199712e-01
2.497500000000000053e+00 9.087222665408055677e-01
2.512500000000000178e+00 8.831562717801199058e-01
2.527499999999999858e+00 8.653234727658684067e-01
2.542499999999999982e+00 8.742213151884914435e-01
2.557500000000000107e+00 8.628875118143720657e-01
2.572500000000000231e+00 8.358627416170210100e-01
2.587499999999999911e+00 8.243937958057505622e-01
2.602500000000000036e+00 8.279496591627518720e-01
2.617500000000000160e+00 8.680767396877508979e-01
2.632499999999999840e+00 9.414339857822197066e-01
2.647499999999999964e+00 1.079144264294246369e+00
2.662500000000000089e+00 1.079640566635297061e+00
2.677500000000000213e+00 1.083768421133309179e+00
2.692499999999999893e+00 1.034701569835847490e+00
2.707500000000000018e+00 9.914356988197693399e-01
2.722500000000000142e+00 9.870658882233976916e-01
2.737500000000000266e+00 9.219062510863237359e-01
2.752499999999999947e+00 9.166732691044785497e-01
2.767500000000000071e+00 1.421237944617073090e+00
2.782500000000000195e+00 8.545363807845899329e-01
2.797499999999999876e+00 8.634729654309396540e-01
2.812500000000000000e+00 8.828704049798126174e-01
2.827500000000000124e+00 8.568922017107628575e-01
2.842500000000000249e+00 8.643330029686551175e-01
2.857499999999999929e+00 8.592805097166865691e-01
2.872500000000000053e+00 8.430031131732126370e-01
2.887500000000000178e+00 8.344124225225200142e-01
2.902499999999999858e+00 8.595373551766909426e-01
2.917499999999999982e+00 9.633652250412448881e-01
2.932500000000000107e+00 1.058842891031448907e+00
2.947500000000000231e+00 1.127559686109066650e+00
2.962499999999999911e+00 1.137386068618711166e+00
2.977500000000000036e+00 1.111498845553558601e+00
2.992500000000000160e+00 1.083506895736866760e+00
