  50.02520     14.478066 -1000253.0
  50.07719    115.406809 -1000247.0
  49.98306     53.118028 -1000252.0
  49.94593    134.661998 -1000257.0
  50.04849     39.001560 -1000253.0
  49.93347     -8.694140 -1000252.0
  49.90896    407.996736 -1000262.0
  49.92371    542.372881 -1000254.0
  49.94087   -349.650350 -1000260.0
  49.95381    231.839258 -1000257.0
  50.00870    -36.436509 -1000259.0
  50.02479    -62.150404 -1000260.0
  49.89722    -15.677667 -1000258.0
  49.87991     -0.000000 -1000258.0
  49.97135     10.936133 -1000257.0
  49.83538     80.900199 -1000268.0
  50.04439     38.275681 -1000260.0
  50.04433  50000.000002 -1000263.0
  49.96987     13.430030 -1000264.0
  49.97059  -1388.888889 -1000265.0
  50.14314     40.567951 -1000258.0
  49.97477     41.575102 -1000265.0
  49.97483 -33333.333335 -1000267.0
  49.92089     -0.000000 -1000267.0
  50.11244     15.661707 -1000264.0
  50.00681     -0.000000 -1000264.0
  49.76486     49.597024 -1000276.0
  49.96732     54.331720 -1000265.0
  50.14689     11.137718 -1000263.0
  49.94456     29.654525 -1000269.0
  50.10931     36.418816 -1000263.0
  49.87208     46.368503 -1000274.0
  50.12216     27.991043 -1000267.0
  50.03978     24.277737 -1000269.0
  50.15276     17.702248 -1000267.0
  50.08127     83.927822 -1000273.0
  50.06187    -51.546392 -1000272.0
  49.82979     25.853154 -1000278.0
  49.82979           NaN -1000278.0
  62.54216     52.578709  -999609.6
  75.21268     52.026278  -998950.4
  87.16183     52.907529  -998318.2
  99.81229     50.662189  -997677.3
 112.73400     49.033758  -997043.7
 124.94130     49.298371  -996441.9
 137.20730     48.092288  -995852.0
 150.42780     44.688174  -995261.2
 162.25270     48.736142  -994684.9
 174.69640     48.418075  -994082.4
 187.47600     47.309775  -993477.8
 199.84870     46.586436  -992901.4
 212.84680     45.906709  -992304.7
 224.84870     49.175547  -991714.5
 237.15060     49.740284  -991102.6
 249.87310     47.962272  -990492.4
 262.59010     48.800818  -989871.8
 274.50980     51.939227  -989252.7
 287.30740     47.977746  -988638.7
 300.04660     46.996672  -988040.0
 311.57110     57.599028  -987376.2
 325.39610     44.622061  -986759.3
 337.25520     49.818283  -986168.5
 349.54360     51.080694  -985540.8
 361.61240     49.971828  -984937.7
 375.45840     47.197747  -984284.2
 387.76620     52.576415  -983637.1
 400.63890     49.577789  -982998.9
 412.71400     48.827753  -982409.3
 424.58270     54.917556  -981757.5
 438.74690     45.523221  -981112.7
 450.54970     53.927882  -980476.2
 461.87130     57.271057  -979827.8
 475.90040     50.587707  -979118.1
 486.01440     55.121614  -978560.6
 499.78130     53.686741  -977821.5
 513.42290     47.677692  -977171.1
 523.99270     55.658574  -976582.8
 537.41930     51.219222  -975895.1
 550.44130     48.924896  -975258.0
 562.01630     58.056156  -974586.0
 576.42320     46.581846  -973914.9
 587.78240     56.509261  -973273.0
 600.74780     52.215898  -972596.0
 612.86360     56.290134  -971914.0
 624.55510     44.741907  -971390.9
 636.28880     60.407203  -970682.1
 649.33230     54.594242  -969970.0
 661.30720     51.365773  -969354.9
 676.00070     48.266240  -968645.7
 686.24430     59.617713  -968035.0
 699.45880     55.855310  -967296.9
 712.80540     53.721547  -966579.9
 727.39050     51.984560  -965821.7
 736.18600     66.977432  -965232.6
 751.76290     50.581310  -964444.7
 763.31590     55.578638  -963802.6
 775.01110     62.247760  -963074.6
 787.31760     61.422825  -962318.7
 797.98430     60.299812  -961675.5
 811.85630     64.028258  -960787.3
 825.53150     61.344624  -959948.4
 838.46730     67.726774  -959072.3
 853.20900     71.436809  -958019.2
 863.25550     80.615140  -957209.3
 871.86900    102.095548  -956329.9
 886.91310     77.099993  -955170.0
 896.33020    110.256873  -954131.7
 912.09940     67.460619  -953067.9
 925.31080     82.814842  -951973.8
 936.96660     81.513066  -951023.7
 951.91380     73.144134  -949930.4
 963.88500     76.784282  -949011.2
 977.64240     70.681960  -948038.8
 985.96650    100.359198  -947203.4
1001.90100     60.616900  -946237.5
1001.90100           NaN  -946237.5
1012.34700     84.798009  -945351.7
1022.78800     82.300546  -944492.4
1036.29600     78.131478  -943437.0
1051.70600     68.202466  -942386.0
1060.31000     86.761971  -941639.5
1076.12100     68.104484  -940562.7
1083.38800     95.307555  -939870.1
1098.11400     62.331930  -938952.2
1112.75000     76.708117  -937829.5
1124.53800     78.520529  -936903.9
1138.53400     68.226636  -935949.0
1150.31000     60.173234  -935240.4
1162.85400     80.022321  -934236.6
1174.64500     80.205241  -933290.9
1189.81000     63.963073  -932320.9
1199.34500     82.076560  -931538.3
1214.58500     56.384514  -930679.0
1225.99100     83.719095  -929724.1
1240.62600     63.102152  -928800.6
1249.54600     98.060538  -927925.9
1259.41700     86.809847  -927069.0
1274.53100     51.482070  -926290.9
1286.68900     74.313209  -925387.4
1300.34800     80.423164  -924288.9
1312.05000     59.229192  -923595.8
1324.09800     75.614210  -922684.8
1338.99800     74.181208  -921579.5
1353.53900     58.806134  -920724.4
1359.34200    119.903498  -920028.6
1375.63200     62.001228  -919018.6
1385.87800     65.215694  -918350.4
1395.82500     88.559365  -917469.5
1410.33600     65.605403  -916517.5
1423.61300     57.799202  -915750.1
1433.77200     89.831676  -914837.5
1449.07800     60.557951  -913910.6
1457.97300    106.149522  -912966.4
1476.25500     52.516136  -912006.3
1485.64300     67.053686  -911376.8
1500.38100     60.598453  -910483.7
1516.74200     54.159281  -909597.6
1525.87100    104.918392  -908639.8
1532.81700     92.902390  -907994.5
1551.67800     54.519909  -906966.2
1559.31600     86.436240  -906306.0
1579.38000     55.726675  -905187.9
1586.42700    106.584362  -904436.8
1600.65500     55.243182  -903650.8
1612.52100     62.304062  -902911.5
1624.71400     77.216436  -901970.0
1636.23700     61.043131  -901266.6
1647.49500     97.086516  -900173.6
1661.65100     50.233117  -899462.5
1676.45100     63.668919  -898520.2
1686.10700     81.213753  -897736.0
1692.89900     74.955830  -897226.9
1712.57200     68.489808  -895879.5
1722.25400     49.008469  -895405.0
1733.85200     71.874461  -894571.4
1749.37900     57.261544  -893682.3
1760.74100     71.686323  -892867.8
1775.66200     73.701495  -891768.1
1788.47000     54.411305  -891071.2
1800.85800     72.642880  -890171.3
1812.25700     64.207387  -889439.4
1823.77800     76.877007  -888553.7
1836.64800     64.141414  -887728.2
1855.18700     42.753115  -886935.6
1868.70600     64.228123  -886067.3
1874.88200    126.991580  -885283.0
1889.80600     48.673278  -884556.6
1899.47700     98.045704  -883608.4
1905.25000     94.803395  -883061.1
1920.27600     48.822042  -882327.5
1939.95100     48.975858  -881363.9
1953.59200     80.793197  -880261.8
1968.67800     60.559459  -879348.2
1975.09400     75.280549  -878865.2
1990.62300     50.576341  -878079.8
1998.35700    123.403155  -877125.4