  49.99016   -44.732722 -1002601.0
  49.95827   -62.715585 -1002599.0
  50.10404    27.440488 -1002595.0
  49.92960    45.861041 -1002603.0
  49.91392    63.775510 -1002604.0
  49.94018  -152.322925 -1002608.0
  50.00004    83.528233 -1002603.0
  50.06972   -14.351320 -1002604.0
  50.10009    98.781692 -1002601.0
  49.76632    17.976451 -1002607.0
  50.01490     8.045700 -1002605.0
  49.89243    57.156855 -1002612.0
  49.88053    -0.000000 -1002612.0
  50.05079    41.113591 -1002605.0
  50.05125 -6521.739130 -1002608.0
  49.80091    27.961972 -1002615.0
  50.03840    29.474925 -1002608.0
  49.88555    26.169447 -1002612.0
  49.93191   -21.570319 -1002613.0
  50.11522     5.455240 -1002612.0
  49.92091     5.146416 -1002613.0
  49.97477    37.133309 -1002611.0
  49.99270   -55.772448 -1002612.0
  49.67315    40.682209 -1002625.0
  50.01393    35.213334 -1002613.0
  49.98772   -38.153377 -1002612.0
  49.94921   103.869125 -1002616.0
  50.05582    37.519932 -1002612.0
  50.01506   147.203140 -1002618.0
  50.05943   135.226504 -1002612.0
  50.14143    24.390244 -1002610.0
  50.01369    54.798810 -1002617.0
  49.96547    -0.000000 -1002617.0
  49.95567    -0.000000 -1002617.0
  49.86114    21.157305 -1002619.0
  49.99524    -7.457122 -1002620.0
  49.85445    21.308332 -1002623.0
  49.97830    24.222850 -1002620.0
  49.97830          NaN -1002620.0
  62.66631    51.938799 -1001961.0
  75.21657    52.190154 -1001306.0
  87.66577    52.051537 -1000658.0
 100.21530    50.679189 -1000022.0
 112.57620    49.915459  -999405.0
 124.76430    50.738015  -998786.6
 137.60490    48.284348  -998166.6
 149.90000    49.312328  -997560.3
 162.63120    46.256441  -996971.4
 174.76750    48.392014  -996384.1
 187.30170    46.297331  -995803.8
 200.22620    45.974699  -995209.6
 212.63700    48.844555  -994603.4
 225.55230    49.081322  -993969.5
 237.35280    47.540358  -993408.5
 250.79180    46.320411  -992786.0
 261.85380    46.483457  -992271.8
 275.34310    49.950702  -991598.0
 288.46900    46.175881  -990991.9
 299.13570    55.012328  -990405.1
 312.14990    45.849918  -989808.4
 324.61420    50.054957  -989184.5
 337.88090    49.356660  -988529.7
 349.32190    51.612621  -987939.2
 362.75850    49.380052  -987275.7
 374.32620    50.727457  -986688.9
 386.79180    50.418752  -986060.4
 400.77060    47.293044  -985399.3
 412.45150    54.798860  -984759.2
 424.35880    49.549436  -984169.2
 437.42820    50.338960  -983511.3
 449.44630    50.756775  -982901.3
 461.94450    52.711590  -982242.5
 475.12850    48.490595  -981603.2
 487.14400    54.188340  -980952.1
 500.64100    45.454545  -980338.6
 513.30540    55.762610  -979632.4
 524.45690    53.060126  -979040.7
 536.77030    52.560625  -978393.5
 550.05280    49.847544  -977731.4
 561.66020    50.097352  -977149.9
 574.35990    52.670536  -976481.0
 587.75860    51.624411  -975789.3
 598.63110    58.284663  -975155.6
 611.48860    54.878476  -974450.0
 625.40370    49.485810  -973761.4
 635.75110    60.517618  -973135.2
 651.04190    44.189970  -972459.5
 663.44990    57.035783  -971751.8
 674.59660    58.142769  -971103.7
 685.75200    55.435036  -970485.3
 697.84060    58.699932  -969775.7
 713.74990    48.449649  -969004.9
 724.07820    51.944657  -968468.4
 734.86410    67.393542  -967741.5
 750.63310    47.193861  -966997.3
 762.52210    62.452687  -966254.8
 774.57920    57.592622  -965560.4
 787.62810    59.468614  -964784.4
 801.20010    55.798703  -964027.1
 814.38740    61.695722  -963213.5
 826.06950    71.065990  -962383.3
 837.19660    79.814147  -961495.2
 847.59170    66.839184  -960800.4
 861.50140    79.814805  -959690.2
 876.06560    68.331937  -958695.0
 886.19090    98.377332  -957698.9
 899.82290    82.819836  -956569.9
 911.08250    73.990195  -955736.8
 925.83470    71.324955  -954684.6
 933.94590   111.401519  -953781.0
 946.89540    75.956601  -952797.4
 961.60620    64.095766  -951854.5
 977.90980    70.186953  -950710.2
 987.24920    88.421098  -949884.4
1005.60700    54.821384  -948878.0
1005.60700          NaN  -948878.0
1013.36300   101.882414  -948087.8
1027.86800    67.721475  -947105.5
1037.94200    84.445106  -946254.8
1050.26200    83.133117  -945230.6
1059.82700    93.957135  -944331.9
1075.49300    64.458062  -943322.1
1082.73200    89.846664  -942671.7
1101.96600    57.777893  -941560.4
1114.05700    71.540815  -940695.4
1124.12800    84.569556  -939843.7
1137.72600    69.848507  -938893.9
1152.56600    58.167116  -938030.7
1164.13000    86.129367  -937034.7
1173.27000    78.107221  -936320.8
1184.11000    90.341328  -935341.5
1198.45000    52.461646  -934589.2
1211.59800    82.468817  -933504.9
1222.17200    91.053528  -932542.1
1237.94900    47.176269  -931797.8
1252.46100    74.228225  -930720.6
1265.02800    62.807353  -929931.3
1272.18900   110.571149  -929139.5
1289.09400    54.841763  -928212.4
1298.66100    91.564754  -927336.4
1310.11900    57.156572  -926681.5
1324.38800    69.731586  -925686.5
1338.40300    59.935783  -924846.5
1350.75000    82.206204  -923831.5
1356.63300    83.562808  -923339.9
1377.16500    61.357880  -922080.1
1389.80700    65.891473  -921247.1
1400.05700    75.112195  -920477.2
1408.78600    85.130026  -919734.1
1423.14200    62.176094  -918841.5
1434.07100    90.593833  -917851.4
1449.29900    46.040189  -917150.3
1462.58600    82.418906  -916055.2
1470.98300    47.374062  -915657.4
1482.69400    99.453505  -914492.7
1502.17000    56.864859  -913385.2
1517.48700    44.231899  -912707.7
1526.45200    89.325153  -911906.9
1534.09600   112.166405  -911049.5
1550.00300    64.022129  -910031.1
1561.91300    53.870697  -909389.5
1579.19000    59.819413  -908356.0
1588.59800    69.079507  -907706.1
1599.70400    80.154871  -906815.9
1608.45900    92.952599  -906002.1
1621.10300    59.008225  -905256.0
1643.45000    50.190182  -904134.4
1644.49100   439.289145  -903677.1
1668.60700    53.060209  -902397.5
1670.27500   363.549161  -901791.1
1685.29000    53.692974  -900984.9
1705.71700    43.143878  -900103.6
1710.77300   153.105222  -899329.5
1727.85200    57.023245  -898355.6
1735.91100    87.591513  -897649.7
1748.75400    68.924706  -896764.5
1765.54100    53.553345  -895865.5
1772.94800    52.180370  -895479.0
1780.98800   104.950249  -894635.2
1799.05300    60.691946  -893538.8
1807.99000    77.442095  -892846.7
1826.29200    51.360507  -891906.7
1832.24300   107.830617  -891265.0
1850.83100    42.075533  -890482.9
1861.90900    97.653006  -889401.1
1875.47800    43.429877  -888811.8
1887.07600    82.169340  -887858.8
1895.57500    89.610542  -887097.2
1903.83000    88.564506  -886366.1
1928.52800    33.209167  -885545.9
1931.67500   154.655227  -885059.2
1954.53100    59.096080  -883708.5
1960.59100   109.950495  -883042.2
1971.78400    71.803806  -882238.5
1998.84300    38.811486  -881188.3
1998.90300 10540.000000  -880555.9