  49.93888   57.616962 -1000828.0
  49.91489  208.420175 -1000833.0
  50.08041   42.290962 -1000826.0
  50.01951   65.681445 -1000830.0
  49.97154   62.539087 -1000833.0
  50.07978    9.238729 -1000832.0
  49.93955   14.262283 -1000834.0
  50.04457    9.521996 -1000833.0
  50.06892  123.203285 -1000830.0
  49.99410  147.019513 -1000841.0
  50.08943   62.939264 -1000835.0
  50.06914  246.426811 -1000840.0
  50.17016    9.899030 -1000839.0
  49.96801   44.521395 -1000848.0
  49.91506   -0.000000 -1000848.0
  50.02024   19.015022 -1000846.0
  49.90196   76.090632 -1000855.0
  50.04659   13.828390 -1000853.0
  49.99619  -99.206349 -1000848.0
  50.04900  -56.807423 -1000851.0
  49.93410   26.109661 -1000854.0
  49.82565   46.104195 -1000859.0
  49.88446  -34.007822 -1000861.0
  50.10716   35.922766 -1000853.0
  49.93231   40.034315 -1000860.0
  50.06611   22.421525 -1000857.0
  50.13071   61.919505 -1000853.0
  50.01218   42.183413 -1000858.0
  50.06349  -38.978757 -1000860.0
  50.02165   71.701721 -1000863.0
  49.75917    3.809814 -1000864.0
  50.02845   25.995247 -1000857.0
  50.03633 -634.517766 -1000862.0
  50.05810   91.869545 -1000860.0
  49.90239   19.266585 -1000863.0
  49.99830   31.279324 -1000860.0
  50.00230  500.000000 -1000858.0
  49.95731  111.135808 -1000863.0
  49.95731         NaN -1000863.0
  62.60928   52.402906 -1000200.0
  74.95189   53.845986  -999535.4
  87.47780   51.964288  -998884.5
 100.00000   51.181102  -998243.6
 112.28400   51.644415  -997609.2
 125.08790   48.696100  -996985.7
 137.89190   47.094658  -996382.7
 149.86960   47.204388  -995817.3
 162.80190   48.019301  -995196.3
 174.98160   48.736833  -994602.7
 187.38480   48.197239  -994004.9
 199.99140   49.220250  -993384.4
 212.43180   44.668982  -992828.7
 224.44310   49.611616  -992232.8
 237.18630   46.267813  -991643.2
 249.68130   49.315726  -991027.0
 262.88840   44.953093  -990433.3
 275.14870   49.778554  -989823.0
 286.87840   50.188837  -989234.3
 300.05850   48.907064  -988589.7
 312.34050   50.301254  -987971.9
 325.02400   49.505263  -987344.0
 337.41580   50.953050  -986712.6
 350.26190   50.560092  -986063.1
 362.91620   50.125254  -985428.8
 375.42650   48.136336  -984826.6
 387.63060   52.924837  -984180.7
 400.92510   47.636241  -983547.4
 412.00950   55.970553  -982927.0
 425.66610   50.027093  -982243.8
 438.02160   50.625228  -981618.3
 450.26070   54.374913  -980952.8
 461.74170   52.321226  -980352.1
 473.31000   58.254022  -979678.2
 487.22710   44.542326  -979058.3
 500.15360   50.524117  -978405.2
 511.00780   55.591384  -977801.8
 523.48840   51.047225  -977164.7
 535.62000   56.711398  -976476.7
 551.08430   47.334829  -975744.7
 561.33310   52.864726  -975202.9
 575.37590   51.122283  -974485.0
 586.67840   59.730148  -973809.9
 600.02580   50.631584  -973134.1
 611.93740   51.160214  -972524.7
 625.83310   50.238563  -971826.6
 635.73860   59.875827  -971233.5
 649.95670   47.903728  -970552.4
 662.67910   53.504056  -969871.7
 675.08650   60.367200  -969122.7
 685.76700   52.132391  -968565.9
 697.81810   51.779506  -967941.9
 712.56540   62.146969  -967025.4
 723.86690   54.028226  -966414.8
 737.53940   48.593893  -965750.4
 749.37040   66.376469  -964965.1
 763.92030   49.883504  -964239.3
 774.34820   61.412173  -963598.9
 787.56020   58.348471  -962828.0
 799.49220   69.795508  -961995.2
 814.55210   51.036195  -961226.6
 826.29100   71.395105  -960388.5
 837.18680   62.602104  -959706.4
 850.80680   77.650514  -958648.8
 864.06260   74.239201  -957664.7
 873.75540  101.075025  -956685.0
 888.88030   69.488063  -955634.0
 901.25390   88.042284  -954544.6
 914.45450   79.655470  -953493.1
 928.43350   68.645826  -952533.5
 939.27420   97.383010  -951477.8
 947.85790  110.115684  -950532.6
 963.35330   57.713902  -949638.3
 972.08000  105.492340  -948717.7
 984.37770   86.219374  -947657.4
1001.59100   46.005124  -946865.5
1001.59100         NaN  -946865.5
1012.65700   96.909452  -945793.1
1026.38400   70.867633  -944820.3
1036.53400   85.113300  -943956.4
1050.20700   75.733197  -942920.9
1062.54900   69.826608  -942059.1
1072.54400  102.111056  -941038.5
1090.34600   49.921357  -940149.8
1101.61000   80.229048  -939246.1
1109.34400  105.611585  -938429.3
1125.39400   61.975078  -937434.6
1135.25900   62.787633  -936815.2
1148.89600   80.750898  -935714.0
1164.38400   66.341684  -934686.5
1175.93400   70.242424  -933875.2
1189.30300   84.838058  -932741.0
1202.98200   51.758169  -932033.0
1210.14500   97.110149  -931337.4
1224.89300   76.247627  -930212.9
1234.28500   89.640119  -929371.0
1246.87200   61.515850  -928596.7
1263.67000   62.501488  -927546.8
1277.33600   53.446510  -926816.4
1284.48700  147.280101  -925763.2
1299.08600   58.339612  -924911.5
1316.66100   60.512091  -923848.0
1322.73500  120.184392  -923118.0
1334.40700   76.824880  -922221.3
1347.17700   60.861394  -921444.1
1360.23900   77.300567  -920434.4
1375.79600   52.831523  -919612.5
1389.12800   74.662466  -918617.1
1401.03100   59.186760  -917912.6
1416.65600   68.467200  -916842.8
1426.41800   75.015366  -916110.5
1434.10400   99.908925  -915342.6
1448.03000   62.631050  -914470.4
1466.09000   54.667774  -913483.1
1476.70700   71.385514  -912725.2
1487.17500   92.443638  -911757.5
1502.63300   56.158623  -910889.4
1508.42900  124.292616  -910169.0
1522.54900   67.195467  -909220.2
1537.41900   62.118359  -908296.5
1546.46900   69.502762  -907667.5
1560.82200   71.023479  -906648.1
1575.79300   50.971879  -905885.0
1589.75600   68.180191  -904933.0
1602.33600   79.165342  -903937.1
1615.16100   60.826511  -903157.0
1619.94500  142.098662  -902477.2
1638.75400   53.304269  -901474.6
1648.12500   88.955288  -900641.0
1668.02900   39.424236  -899856.3
1676.54600  103.862863  -898971.7
1689.59900   64.330039  -898132.0
1697.67000   72.841036  -897544.1
1714.54000   73.177238  -896309.6
1723.38200   40.318932  -895953.1
1743.64900   57.635565  -894785.0
1754.43500   71.194141  -894017.1
1759.17000  213.875396  -893004.4
1775.33400   44.128928  -892291.1
1789.80300   56.769645  -891469.7
1802.93600   64.585396  -890621.5
1813.84800  101.228006  -889516.9
1823.07200   35.646141  -889188.1
1838.20500   60.596048  -888271.1
1851.95300   64.009310  -887391.1
1860.13700   81.683773  -886722.6
1881.11700   52.969495  -885611.3
1890.96400   76.409059  -884858.9
1906.84200   58.735357  -883926.3
1909.54400  218.948927  -883334.7
1925.47900   53.065579  -882489.1
1934.36700   95.735824  -881638.2
1951.75000   49.364321  -880780.1
1962.67600   45.643419  -880281.4
1968.97900  175.107092  -879177.7
1988.78200   36.029894  -878464.2
2006.36300   64.950799  -877322.3