  49.87860   39.581050 -995746.0
  50.15983   22.046012 -995739.8
  49.94429   20.413844 -995744.2
  50.00590  -27.592923 -995745.9
  49.94424  103.795005 -995752.3
  50.06631   59.801753 -995745.0
  50.09890  -88.984351 -995747.9
  50.01228   47.333179 -995752.0
  49.88586   30.058535 -995755.8
  49.93285  153.224090 -995748.6
  50.00391  -46.439628 -995751.9
  49.84659   24.154589 -995755.7
  49.91743   74.816488 -995750.4
  50.03860   12.379302 -995748.9
  49.94589   99.234171 -995758.1
  50.07362   11.743521 -995756.6
  49.95653   -4.270219 -995756.1
  49.94509  227.272727 -995758.7
  50.14477   10.516827 -995756.6
  50.12246   67.234424 -995758.1
  49.91443   -3.364899 -995757.4
  49.93345 -110.410095 -995759.5
  49.96919  109.121433 -995755.6
  49.84068   62.251965 -995763.6
  50.08610   40.339011 -995753.7
  49.96876   60.507926 -995760.8
  50.03520   25.586996 -995759.1
  50.01112 -132.890365 -995755.9
  49.80138   65.795747 -995769.7
  49.82644  123.703113 -995766.6
  50.01132   29.749026 -995761.1
  49.94209   13.000144 -995762.0
  50.01908   28.575140 -995759.8
  49.96175   68.027211 -995763.7
  49.88387   26.964561 -995765.8
  49.80934   33.543540 -995768.3
  50.08165   37.457310 -995758.1
  49.86217   22.325497 -995763.0
  49.86217         NaN -995763.0
  62.38825   52.282917 -995108.1
  74.80554   52.193353 -994460.0
  87.42198   52.867528 -993793.0
  99.87394   50.546259 -993163.6
 112.47660   49.751402 -992536.6
 124.96590   48.689678 -991928.5
 137.61170   45.991555 -991346.9
 149.90040   46.205050 -990779.1
 162.39630   47.591610 -990184.4
 174.75140   46.199545 -989613.6
 187.48540   46.536831 -989021.0
 199.98620   47.428965 -988428.1
 212.45810   49.960311 -987805.0
 225.36390   43.585055 -987242.5
 237.18380   51.760167 -986630.7
 249.44080   47.597291 -986047.3
 262.80410   48.491016 -985399.3
 275.00830   48.876616 -984802.8
 288.07840   48.048599 -984174.8
 299.64070   49.626804 -983601.0
 312.30380   50.880116 -982956.7
 324.96240   47.043117 -982361.2
 337.21360   50.027752 -981748.3
 348.96900   53.090495 -981124.2
 361.87240   49.343584 -980487.5
 374.35060   50.960876 -979851.6
 386.57670   46.736081 -979280.2
 399.59850   51.175721 -978613.8
 412.56390   47.873571 -977993.1
 425.17300   53.128296 -977323.2
 436.93070   50.035296 -976734.9
 448.66520   51.378414 -976132.0
 462.40900   49.433199 -975452.6
 476.26180   49.737237 -974763.6
 487.32540   53.572074 -974170.9
 497.43690   59.565841 -973568.6
 512.67070   45.024879 -972882.7
 523.13140   54.049920 -972317.3
 537.06260   49.457333 -971628.3
 551.85670   48.485545 -970911.0
 563.44820   57.904499 -970239.8
 575.52460   51.356364 -969619.6
 587.34940   53.675326 -968984.9
 599.59280   54.086283 -968322.7
 613.03390   51.937713 -967624.6
 625.91840   52.691218 -966945.7
 636.13050   52.496548 -966409.6
 650.50330   52.202772 -965659.3
 662.93910   54.721047 -964978.8
 675.74790   53.119730 -964298.4
 688.11810   56.967551 -963593.7
 700.84860   49.809513 -962959.6
 713.75330   58.118360 -962209.6
 724.30060   60.252387 -961574.1
 737.44060   50.525114 -960910.2
 749.56050   64.678751 -960126.3
 761.52420   60.984478 -959396.7
 776.23400   53.515344 -958609.5
 786.51310   52.572696 -958069.1
 799.19620   66.237749 -957229.0
 814.08940   55.145973 -956407.7
 826.05770   62.139151 -955664.0
 838.74060   73.319194 -954734.1
 849.95710   78.857041 -953849.6
 863.20280   70.604045 -952914.4
 876.78360   77.955643 -951855.7
 888.57670   86.448856 -950836.2
 900.74640   77.495748 -949893.1
 912.46680   81.797550 -948934.4
 927.84200   72.467350 -947820.2
 937.97110  101.154101 -946795.6
 949.07560   76.923770 -945941.4
 962.40060   75.332083 -944937.6
 978.09060   72.925430 -943793.4
 988.57360   74.720977 -943010.1
1000.32300   80.625394 -942062.8
1000.32300         NaN -942062.8
1013.56000   67.711717 -941166.5
1027.80600   63.105433 -940267.5
1036.63200  104.464083 -939345.5
1046.81700   80.009818 -938530.6
1061.22700   70.666204 -937512.3
1074.13000   72.277765 -936579.7
1087.12900   86.406647 -935456.5
1102.46800   45.648347 -934756.3
1108.37600  132.718348 -933972.2
1122.66200   70.075598 -932971.1
1139.34300   66.123134 -931868.1
1150.01500   72.629310 -931093.0
1161.90000   86.470341 -930065.3
1172.99800   50.630744 -929503.4
1188.29100   73.340744 -928381.8
1203.46500   70.805325 -927307.4
1211.52500   90.111663 -926581.1
1226.59700   72.492038 -925488.5
1239.56000   56.931266 -924750.5
1248.37800   89.782264 -923958.8
1261.24800   67.505828 -923090.0
1274.84700   71.453783 -922118.3
1286.79400   74.152507 -921232.4
1298.85000   57.796948 -920535.6
1309.66500   90.494683 -919556.9
1326.29500   58.562838 -918583.0
1340.47400   70.689047 -917580.7
1350.42200   67.088862 -916913.3
1365.87500   64.427619 -915917.7
1371.14900  135.324232 -915204.0
1387.76600   65.499188 -914115.6
1401.83000   60.900171 -913259.1
1410.29500   89.297106 -912503.2
1423.64400   48.205858 -911859.7
1439.47600   73.256695 -910699.9
1453.69000   63.071620 -909803.4
1459.08400  107.582499 -909223.1
1469.43400   62.512077 -908576.1
1483.92300   71.833805 -907535.3
1497.83100   61.691113 -906677.3
1512.64900   72.904576 -905597.0
1524.39000   60.838089 -904882.7
1537.35500   60.046278 -904104.2
1551.52600   78.138452 -902996.9
1558.73600  102.829404 -902255.5
1572.09900   60.143680 -901451.8
1585.34800   79.077666 -900404.1
1602.86700   50.271134 -899523.4
1610.53900   75.990615 -898940.4
1622.29600   65.492898 -898170.4
1630.09400   82.149269 -897529.8
1649.00400   60.983607 -896376.6
1665.45200   55.155642 -895469.4
1675.72600   75.180066 -894697.0
1686.85100   79.955056 -893807.5
1698.37600   62.637744 -893085.6
1709.54600   85.783348 -892127.4
1726.19300   47.005466 -891344.9
1738.12500   75.620181 -890442.6
1749.96800   77.868783 -889520.4
1767.45500   34.928804 -888909.6
1776.68600   64.055899 -888318.3
1787.67900  102.592559 -887190.5
1797.35700   73.847902 -886475.8
1813.56200   56.908362 -885553.6
1823.28600   64.942411 -884922.1
1835.45300   73.814416 -884024.0
1846.68500   76.851852 -883160.8
1865.15600   44.020356 -882347.7
1867.68600  221.462451 -881787.4
1886.96800   54.491235 -880736.7
1895.07300   87.958051 -880023.8
1910.45900   58.397244 -879125.3
1928.35000   57.386395 -878098.6
1934.55400   94.938749 -877509.6
1950.67700   47.348508 -876746.2
1957.92500  123.882450 -875848.3
1971.08600   63.916116 -875007.1
1989.66700   40.875087 -874247.6
1994.65100  100.561798 -873746.4