  15000.0 -1.416000e-06   49.93648
  20000.0 -4.782000e-05   49.69738
  25000.0  7.749200e-05   50.08484
  30000.0 -1.513200e-05   50.00918
  35000.0 -2.731200e-05   49.87262
  40000.0 -1.682400e-05   49.78850
  45000.0  8.350600e-05   50.20603
  50000.0 -6.169600e-05   49.89755
  55000.0  1.323400e-05   49.96372
  60000.0  2.029600e-05   50.06520
  65000.0 -2.126000e-05   49.95890
  70000.0 -3.638200e-05   49.77699
  75000.0  2.171800e-05   49.88558
  80000.0  4.696000e-06   49.90906
  85000.0  1.465000e-05   49.98231
  90000.0  2.494000e-06   49.99478
  95000.0  1.426400e-05   50.06610
 100000.0  1.866000e-05   50.15940
 105000.0 -1.878000e-05   50.06550
 110000.0 -5.318000e-06   50.03891
 115000.0  1.018600e-05   50.08984
 120000.0  7.520000e-07   50.09360
 125000.0 -1.861200e-05   50.00054
 130000.0  2.850000e-06   50.01479
 135000.0  1.808000e-06   50.02383
 140000.0 -7.976000e-06   49.98395
 145000.0  6.012000e-06   50.01401
 150000.0 -1.177600e-05   49.95513
 155000.0  2.857800e-05   50.09802
 160000.0 -5.006000e-06   50.07299
 165000.0 -1.930600e-05   49.97646
 170000.0 -1.918000e-05   49.88056
 175000.0  4.786000e-05   50.11986
 180000.0 -3.368600e-05   49.95143
 185000.0 -1.028400e-05   49.90001
 190000.0  8.068000e-06   49.94035
 195000.0  2.364000e-05   50.05855
 200000.0 -1.037600e-05   50.00667
 200000.0           NaN   50.00667
 205000.0  2.627800e-04   51.32057
 210000.0  2.423080e-04   52.53211
 215000.0  2.719820e-04   53.89202
 220000.0  2.178480e-04   54.98126
 225000.0  2.736120e-04   56.34932
 230000.0  2.524280e-04   57.61146
 235000.0  2.578940e-04   58.90093
 240000.0  1.990740e-04   59.89630
 245000.0  2.302520e-04   61.04756
 250000.0  3.035380e-04   62.56525
 255000.0  2.269240e-04   63.69987
 260000.0  3.031200e-04   65.21547
 265000.0  2.413560e-04   66.42225
 270000.0  2.237680e-04   67.54109
 275000.0  2.577780e-04   68.82998
 280000.0  1.933720e-04   69.79684
 285000.0  3.020540e-04   71.30711
 290000.0  2.248400e-04   72.43131
 295000.0  2.748140e-04   73.80538
 300000.0  2.083780e-04   74.84727
 305000.0  2.638240e-04   76.16639
 310000.0  2.669480e-04   77.50113
 315000.0  2.302580e-04   78.65242
 320000.0  2.869540e-04   80.08719
 325000.0  2.495800e-04   81.33509
 330000.0  2.491760e-04   82.58097
 335000.0  2.096440e-04   83.62919
 340000.0  2.679820e-04   84.96910
 345000.0  2.479860e-04   86.20903
 350000.0  2.315480e-04   87.36677
 355000.0  2.838500e-04   88.78602
 360000.0  2.034700e-04   89.80337
 365000.0  3.414560e-04   91.51065
 370000.0  1.376820e-04   92.19906
 375000.0  3.527500e-04   93.96281
 380000.0  2.453820e-04   95.18972
 385000.0  1.882040e-04   96.13074
 390000.0  2.990780e-04   97.62613
 395000.0  2.419800e-04   98.83603
 400000.0  1.621840e-04   99.64695
 405000.0  2.782100e-04  101.03800
 410000.0  2.710400e-04  102.39320
 415000.0  2.634000e-04  103.71020
 420000.0  3.128200e-04  105.27430
 425000.0  2.036000e-04  106.29230
 430000.0  1.909600e-04  107.24710
 435000.0  3.180800e-04  108.83750
 440000.0  1.613800e-04  109.64440
 445000.0  3.570800e-04  111.42980
 450000.0  1.664400e-04  112.26200
 455000.0  2.137600e-04  113.33080
 460000.0  3.800400e-04  115.23100
 465000.0  2.160600e-04  116.31130
 470000.0  2.620200e-04  117.62140
 475000.0  1.958000e-04  118.60040
 480000.0  2.730800e-04  119.96580
 485000.0  2.787600e-04  121.35960
 490000.0  2.141400e-04  122.43030
 495000.0  3.227200e-04  124.04390
 500000.0  2.283200e-04  125.18550
 505000.0  2.708000e-04  126.53950
 510000.0  1.588800e-04  127.33390
 515000.0  2.987600e-04  128.82770
 520000.0  2.237600e-04  129.94650
 525000.0  3.743200e-04  131.81810
 530000.0  1.052400e-04  132.34430
 535000.0  2.559600e-04  133.62410
 540000.0  3.305600e-04  135.27690
 545000.0  1.606600e-04  136.08020
 550000.0  3.193800e-04  137.67710
 555000.0  1.799600e-04  138.57690
 560000.0  2.657400e-04  139.90560
 565000.0  3.239800e-04  141.52550
 570000.0  2.107600e-04  142.57930
 575000.0  3.849200e-04  144.50390
 580000.0  7.666000e-05  144.88720
 580000.0           NaN  144.88720
 585000.0  2.573800e-04  146.17410
 590000.0  3.856400e-04  148.10230
 595000.0  8.916000e-05  148.54810
 600000.0  3.332000e-04  150.21410
 605000.0  2.181000e-04  151.30460
 610000.0  2.431000e-04  152.52010
 615000.0  1.838800e-04  153.43950
 620000.0  2.877000e-04  154.87800
 625000.0  2.358600e-04  156.05730
 630000.0  3.022400e-04  157.56850
 635000.0  3.274400e-04  159.20570
 640000.0  1.681800e-04  160.04660
 645000.0  1.616000e-04  160.85460
 650000.0  3.324600e-04  162.51690
 655000.0  1.812200e-04  163.42300
 660000.0  3.031000e-04  164.93850
 665000.0  3.681800e-04  166.77940
 670000.0  8.466000e-05  167.20270
 675000.0  4.139600e-04  169.27250
 680000.0  2.358400e-04  170.45170
 685000.0  1.144000e-04  171.02370
 690000.0  3.985000e-04  173.01620
 695000.0  1.854000e-05  173.10890
 700000.0  4.286600e-04  175.25220
 705000.0  1.280400e-04  175.89240
 710000.0  3.244200e-04  177.51450
 715000.0  1.609600e-04  178.31930
 720000.0  2.832600e-04  179.73560
 725000.0  2.338400e-04  180.90480
 730000.0  4.292200e-04  183.05090
 735000.0  7.396000e-05  183.42070
 740000.0  2.563400e-04  184.70240
 745000.0  2.412200e-04  185.90850
 750000.0  3.458400e-04  187.63770
 755000.0  2.099600e-04  188.68750
 760000.0  2.140600e-04  189.75780
 765000.0  3.278600e-04  191.39710
 770000.0  4.034400e-04  193.41430
 775000.0  1.214000e-04  194.02130
 780000.0  2.477400e-04  195.26000
 785000.0  2.795800e-04  196.65790
 790000.0  2.552400e-04  197.93410
 795000.0  6.590000e-05  198.26360
 800000.0  2.725400e-04  199.62630
 805000.0  2.812600e-04  201.03260
 810000.0  2.520600e-04  202.29290
 815000.0  2.296600e-04  203.44120
 820000.0  2.896800e-04  204.88960
 825000.0  2.688600e-04  206.23390
 830000.0  1.630200e-04  207.04900
 835000.0  3.709600e-04  208.90380
 840000.0  2.875000e-04  210.34130
 845000.0  2.185800e-04  211.43420
 850000.0  2.958200e-04  212.91330
 855000.0  2.226400e-04  214.02650
 860000.0  8.982000e-05  214.47560
 865000.0  3.960200e-04  216.45570
 870000.0  2.361400e-04  217.63640
 875000.0  1.593800e-04  218.43330
 880000.0  2.237000e-04  219.55180
 885000.0  3.672600e-04  221.38810
 890000.0  3.826600e-04  223.30140
 895000.0  1.765000e-04  224.18390
 900000.0  6.132000e-05  224.49050
 905000.0  3.957000e-04  226.46900
 910000.0  2.130800e-04  227.53440
 915000.0  1.735800e-04  228.40230
 920000.0  2.501600e-04  229.65310
 925000.0  2.415800e-04  230.86100
 930000.0  3.117000e-04  232.41950
 935000.0  2.171200e-04  233.50510
 940000.0  2.271200e-04  234.64070
 945000.0  2.705400e-04  235.99340
 950000.0  9.278000e-05  236.45730
 955000.0  4.473000e-04  238.69380
 960000.0  2.586200e-04  239.98690
 960000.0           NaN  239.98690
 965000.0  2.202800e-04  241.08830
 970000.0  3.392400e-04  242.78450
 975000.0  6.540000e-05  243.11150
 980000.0  4.284000e-04  245.25350
 985000.0  1.866600e-04  246.18680
 990000.0  2.720000e-04  247.54680
 995000.0  2.004200e-04  248.54890
1000000.0  9.756000e-05  249.03670
1005000.0  4.206200e-04  251.13980
1010000.0  2.590800e-04  252.43520
1015000.0  2.942000e-04  253.90620
1020000.0  1.326200e-04  254.56930
1025000.0  3.664400e-04  256.40150
1030000.0  2.601200e-04  257.70210
1035000.0  2.296600e-04  258.85040
1040000.0  1.339800e-04  259.52030
1045000.0  4.492400e-04  261.76650
1050000.0  1.769000e-04  262.65100
1055000.0  1.073600e-04  263.18780
1060000.0  2.339400e-04  264.35750
1065000.0  4.060200e-04  266.38760
1070000.0  2.404600e-04  267.58990
1075000.0  1.210400e-04  268.19510
1080000.0  3.424000e-04  269.90710
1085000.0  1.201200e-04  270.50770
1090000.0  3.509200e-04  272.26230
1095000.0  1.460000e-04  272.99230
1100000.0  2.734000e-04  274.35930
1105000.0  5.698400e-04  277.20850
1110000.0 -7.768000e-05  276.82010
1115000.0  4.323800e-04  278.98200
1120000.0  5.538000e-05  279.25890
1125000.0  4.428800e-04  281.47330
1130000.0  3.947800e-04  283.44720
1135000.0  7.492000e-05  283.82180
1140000.0  1.629400e-04  284.63650
1145000.0  3.570000e-04  286.42150
1150000.0  1.317600e-04  287.08030
1155000.0  2.738200e-04  288.44940
1160000.0  4.198400e-04  290.54860
1165000.0  1.822600e-04  291.45990
1170000.0  3.493400e-04  293.20660
1175000.0  1.072800e-04  293.74300
1180000.0  1.787800e-04  294.63690
1185000.0  4.136800e-04  296.70530
1190000.0  2.639000e-04  298.02480
1195000.0  2.187800e-04  299.11870
1200000.0  1.692800e-04  299.96510
1205000.0  1.910200e-04  300.92020
1210000.0  3.142600e-04  302.49150
1215000.0  2.261000e-04  303.62200
1220000.0  2.814000e-04  305.02900
1225000.0  1.067400e-04  305.56270
1230000.0  3.953600e-04  307.53950
1235000.0  5.570000e-05  307.81800
1240000.0  2.586600e-04  309.11130
1245000.0  2.674000e-04  310.44830
1250000.0  5.857200e-04  313.37690
1255000.0 -8.164000e-05  312.96870
1260000.0  3.677800e-04  314.80760
1265000.0  1.933000e-04  315.77410
1270000.0  3.201600e-04  317.37490
1275000.0  2.613600e-04  318.68170
1280000.0  2.400600e-04  319.88200
1285000.0  3.825200e-04  321.79460
1290000.0 -5.232000e-05  321.53300
1295000.0  5.747600e-04  324.40680
1300000.0  8.646000e-05  324.83910
1305000.0  1.678600e-04  325.67840
1310000.0  3.519000e-04  327.43790
1315000.0  3.506400e-04  329.19110
1320000.0  8.020000e-06  329.23120
1325000.0  4.863600e-04  331.66300
1330000.0  1.761400e-04  332.54370
1335000.0  1.428600e-04  333.25800
1340000.0  4.189200e-04  335.35260
1340000.0           NaN  335.35260
1345000.0  2.022400e-04  336.36380
1350000.0  2.743800e-04  337.73570
1355000.0  2.548000e-04  339.00970
1360000.0  2.154800e-04  340.08710
1365000.0  4.749800e-04  342.46200
1370000.0 -2.407000e-04  341.25850
1375000.0  5.069600e-04  343.79330
1380000.0  1.844400e-04  344.71550
1385000.0  3.386200e-04  346.40860
1390000.0  1.506600e-04  347.16190
1395000.0  3.076200e-04  348.70000
1400000.0  2.397000e-04  349.89850
1405000.0  2.639400e-04  351.21820
1410000.0  1.538400e-04  351.98740
1415000.0  4.942400e-04  354.45860
1420000.0 -1.622000e-05  354.37750
1425000.0  3.472600e-04  356.11380
1430000.0  5.271600e-04  358.74960
1435000.0 -1.776800e-04  357.86120
1440000.0  3.957200e-04  359.83980
1445000.0  4.646200e-04  362.16290
1450000.0 -3.220000e-05  362.00190
1455000.0  3.809400e-04  363.90660
1460000.0  3.700600e-04  365.75690
1465000.0 -3.286000e-05  365.59260
1470000.0  3.855800e-04  367.52050
1475000.0  3.404000e-05  367.69070
1480000.0  3.473200e-04  369.42730
1485000.0  2.955400e-04  370.90500
1490000.0  4.810000e-05  371.14550
1495000.0  3.751400e-04  373.02120
1500000.0  6.245600e-04  376.14400
1505000.0  1.249400e-04  376.76870
1510000.0  2.385400e-04  377.96140
1515000.0 -6.298000e-05  377.64650
1520000.0  2.879800e-04  379.08640
1525000.0  6.188400e-04  382.18060
1530000.0  1.716600e-04  383.03890
1535000.0 -2.901000e-04  381.58840
1540000.0  6.531800e-04  384.85430
1545000.0  2.393200e-04  386.05090
1550000.0  3.851200e-04  387.97650
1555000.0 -6.320000e-05  387.66050
1560000.0  5.986800e-04  390.65390
1565000.0  3.010000e-04  392.15890
1570000.0  2.082000e-04  393.19990
1575000.0  1.637600e-04  394.01870
1580000.0  2.228600e-04  395.13300
1585000.0  4.138800e-04  397.20240
1590000.0  1.015200e-04  397.71000
1595000.0  3.465200e-04  399.44260
1600000.0  3.020000e-06  399.45770
1605000.0  4.458600e-04  401.68700
1610000.0  3.050200e-04  403.21210
1615000.0  5.646000e-05  403.49440
1620000.0  5.728400e-04  406.35860
1625000.0  1.202200e-04  406.95970
1630000.0  2.263200e-04  408.09130
1635000.0  1.368200e-04  408.77540
1640000.0  8.856000e-05  409.21820
1645000.0  7.310000e-04  412.87320
1650000.0  4.556000e-05  413.10100
1655000.0  1.777600e-04  413.98980
1660000.0  6.542000e-05  414.31690
1665000.0  6.230400e-04  417.43210
1670000.0 -2.840600e-04  416.01180
1675000.0  4.829400e-04  418.42650
1680000.0  5.078000e-04  420.96550
1685000.0  9.180000e-06  421.01140
1690000.0  2.438600e-04  422.23070
1695000.0 -7.240000e-06  422.19450
1700000.0  4.989000e-04  424.68900
1705000.0  3.328200e-04  426.35310
1710000.0  3.148400e-04  427.92730
1715000.0  2.755200e-04  429.30490
1720000.0 -7.688000e-05  428.92050
1720000.0           NaN  428.92050
1725000.0  2.563400e-04  430.20220
1730000.0  1.988000e-04  431.19620
1735000.0  3.924400e-04  433.15840
1740000.0  2.764000e-04  434.54040
1745000.0  9.874000e-05  435.03410
1750000.0  4.357600e-04  437.21290
1755000.0  3.311600e-04  438.86870
1760000.0  7.010000e-05  439.21920
1765000.0  3.354400e-04  440.89640
1770000.0  3.054800e-04  442.42380
1775000.0  3.959200e-04  444.40340
1780000.0  1.013400e-04  444.91010
1785000.0 -7.640000e-06  444.87190
1790000.0  7.818800e-04  448.78130
1795000.0 -1.123800e-04  448.21940
1800000.0  5.349200e-04  450.89400
1805000.0  2.447400e-04  452.11770
1810000.0 -4.454000e-05  451.89500
1815000.0  4.369200e-04  454.07960
1820000.0  9.828000e-05  454.57100
1825000.0  4.018800e-04  456.58040
1830000.0  3.703000e-04  458.43190
1835000.0  3.218000e-05  458.59280
1840000.0  2.003000e-04  459.59430
1845000.0  2.108200e-04  460.64840
1850000.0  3.931200e-04  462.61400
1855000.0  4.890000e-05  462.85850
1860000.0  5.313400e-04  465.51520
1865000.0  1.232800e-04  466.13160
1870000.0  3.830400e-04  468.04680
1875000.0  3.608200e-04  469.85090
1880000.0 -7.660000e-06  469.81260
1885000.0  2.885200e-04  471.25520
1890000.0  1.235600e-04  471.87300
1895000.0  4.511400e-04  474.12870
1900000.0  1.403800e-04  474.83060
1905000.0  9.184000e-05  475.28980
1910000.0  1.377600e-04  475.97860
1915000.0  6.233800e-04  479.09550
1920000.0  1.520200e-04  479.85560
1925000.0 -2.240000e-05  479.74360
1930000.0  6.705800e-04  483.09650
1935000.0  5.140000e-05  483.35350
1940000.0  1.795800e-04  484.25140
1945000.0  2.245400e-04  485.37410
1950000.0  4.164800e-04  487.45650
1955000.0 -4.634000e-05  487.22480
1960000.0  4.852800e-04  489.65120
1965000.0  2.075200e-04  490.68880
1970000.0  2.988200e-04  492.18290
1975000.0  4.062800e-04  494.21430
1980000.0  2.232000e-04  495.33030
1985000.0  1.390200e-04  496.02540
1990000.0  5.628000e-04  498.83940
1995000.0 -1.794000e-05  498.74970
2000000.0  2.147800e-04  499.82360
2005000.0  3.526600e-04  501.58690
2010000.0  2.087400e-04  502.63060
2015000.0  2.646400e-04  503.95380
2020000.0  6.542600e-04  507.22510
2025000.0 -3.861200e-04  505.29450
2030000.0  8.238400e-04  509.41370
2035000.0 -1.289400e-04  508.76900
2040000.0  2.746600e-04  510.14230
2045000.0  6.470000e-05  510.46580
2050000.0  3.257600e-04  512.09460
2055000.0  2.969200e-04  513.57920
2060000.0  2.875800e-04  515.01710
2065000.0  7.822000e-05  515.40820
2070000.0  7.100200e-04  518.95830
2075000.0 -1.486000e-05  518.88400
2080000.0 -7.680000e-05  518.50000
2085000.0  6.398200e-04  521.69910
2090000.0  8.840000e-05  522.14110
2095000.0  2.705800e-04  523.49400
2100000.0 -8.886000e-05  523.04970
2100000.0           NaN  523.04970
2105000.0  7.348800e-04  526.72410
2110000.0  8.664000e-05  527.15730
2115000.0  3.482600e-04  528.89860
2120000.0  1.641800e-04  529.71950
2125000.0  7.784000e-05  530.10870
2130000.0  3.232600e-04  531.72500
2135000.0  5.914400e-04  534.68220
2140000.0  3.061800e-04  536.21310
2145000.0  4.860000e-05  536.45610
2150000.0  2.928000e-05  536.60250
2155000.0  4.328400e-04  538.76670
2160000.0  5.059000e-04  541.29620
2165000.0  4.772000e-05  541.53480
2170000.0  4.050200e-04  543.55990
2175000.0 -8.488000e-05  543.13550
2180000.0  1.371400e-04  543.82120
2185000.0  3.991200e-04  545.81680
2190000.0  1.537200e-04  546.58540
2195000.0  7.029400e-04  550.10010
2200000.0  2.288000e-05  550.21450
2205000.0 -3.376800e-04  548.52610
2210000.0  1.020540e-03  553.62880
2215000.0 -1.825000e-04  552.71630
2220000.0  4.174000e-04  554.80330
2225000.0  3.889600e-04  556.74810
2230000.0 -3.809600e-04  554.84330
2235000.0  8.589400e-04  559.13800
2240000.0  2.123400e-04  560.19970
2245000.0  1.966000e-04  561.18270
2250000.0  5.008600e-04  563.68700
2255000.0  8.744000e-05  564.12420
2260000.0 -5.604000e-05  563.84400
2265000.0  5.215000e-04  566.45150
2270000.0  1.692600e-04  567.29780
2275000.0  4.783000e-04  569.68930
2280000.0 -1.512000e-04  568.93330
2285000.0  3.849800e-04  570.85820
2290000.0 -8.932000e-05  570.41160
2295000.0  8.121200e-04  574.47220
2300000.0 -1.412000e-04  573.76620
2305000.0  3.113200e-04  575.32280
2310000.0  5.998400e-04  578.32200
2315000.0  3.146400e-04  579.89520
2320000.0 -1.265000e-04  579.26270
2325000.0  9.851600e-04  584.18850
2330000.0 -4.168400e-04  582.10430
2335000.0  3.551800e-04  583.88020
2340000.0  3.700400e-04  585.73040
2345000.0  4.437600e-04  587.94920
2350000.0 -2.438800e-04  586.72980
2355000.0  6.280000e-04  589.86980
2360000.0  1.496000e-04  590.61780
2365000.0  1.936200e-04  591.58590
2370000.0  1.855200e-04  592.51350
2375000.0  3.066800e-04  594.04690
2380000.0  3.086400e-04  595.59010
2385000.0  1.475600e-04  596.32790
2390000.0  4.560000e-04  598.60790
2395000.0 -3.514800e-04  596.85050
2400000.0  6.243400e-04  599.97220
2405000.0  2.407000e-04  601.17570
2410000.0  4.472800e-04  603.41210
2415000.0  5.668000e-05  603.69550
2420000.0  7.061200e-04  607.22610
2425000.0 -1.813000e-04  606.31960
2430000.0  1.133200e-04  606.88620
2435000.0  3.312400e-04  608.54240
2440000.0  2.713000e-04  609.89890
2445000.0  1.639400e-04  610.71860
2450000.0  4.776200e-04  613.10670
2455000.0  1.275400e-04  613.74440
2460000.0  5.080000e-04  616.28440
2465000.0 -3.462000e-05  616.11130
2470000.0  7.278000e-05  616.47520
2475000.0  2.172600e-04  617.56150
2480000.0  5.107800e-04  620.11540
2480000.0           NaN  620.11540
2485000.0  6.514000e-05  620.44110
2490000.0  4.320200e-04  622.60120
2495000.0  5.197600e-04  625.20000
2500000.0 -2.011200e-04  624.19440
2505000.0  2.032800e-04  625.21080
2510000.0  5.297200e-04  627.85940
2515000.0 -2.229200e-04  626.74480
2520000.0  6.215200e-04  629.85240
2525000.0  3.013400e-04  631.35910
2530000.0  4.479600e-04  633.59890
2535000.0 -2.662000e-04  632.26790
2540000.0  3.522200e-04  634.02900
2545000.0  5.104400e-04  636.58120
2550000.0  1.925000e-04  637.54370
2555000.0  4.590000e-05  637.77320
2560000.0  4.682800e-04  640.11460
2565000.0  3.646400e-04  641.93780
2570000.0  3.252600e-04  643.56410
2575000.0  1.018200e-04  644.07320
2580000.0  3.852600e-04  645.99950
2585000.0  8.144000e-05  646.40670
2590000.0  5.989000e-04  649.40120
2595000.0  2.657600e-04  650.73000
2600000.0  1.128200e-04  651.29410
2605000.0 -1.322600e-04  650.63280
2610000.0  7.019400e-04  654.14250
2615000.0 -6.540000e-06  654.10980
2620000.0  2.870800e-04  655.54520
2625000.0  4.624000e-05  655.77640
2630000.0  3.468000e-04  657.51040
2635000.0  3.016000e-05  657.66120
2640000.0  9.046000e-05  658.11350
2645000.0  5.171200e-04  660.69910
2650000.0  7.171800e-04  664.28500
2655000.0 -5.204200e-04  661.68290
2660000.0  7.836000e-04  665.60090
2665000.0 -6.224000e-05  665.28970
2670000.0  6.667000e-04  668.62320
2675000.0 -1.989400e-04  667.62850
2680000.0  5.472200e-04  670.36460
2685000.0 -2.220800e-04  669.25420
2690000.0  9.870000e-04  674.18920
2695000.0 -3.272400e-04  672.55300
2700000.0  6.964200e-04  676.03510
2705000.0 -1.488000e-05  675.96070
2710000.0  2.168000e-05  676.06910
2715000.0  8.062000e-04  680.10010
2720000.0 -2.437400e-04  678.88140
2725000.0  5.028000e-04  681.39540
2730000.0  1.069000e-04  681.92990
2735000.0  5.391800e-04  684.62580
2740000.0 -1.634000e-04  683.80880
2745000.0  4.122800e-04  685.87020
2750000.0  7.331400e-04  689.53590
2755000.0 -2.199400e-04  688.43620
2760000.0  3.916400e-04  690.39440
2765000.0 -1.677600e-04  689.55560
2770000.0  3.055000e-04  691.08310
2775000.0  3.374800e-04  692.77050
2780000.0  5.131000e-04  695.33600
2785000.0  2.822000e-05  695.47710
2790000.0  5.451600e-04  698.20290
2795000.0 -2.058000e-04  697.17390
2800000.0  2.884800e-04  698.61630
2805000.0  7.412800e-04  702.32270
2810000.0 -1.591400e-04  701.52700
2815000.0  7.108200e-04  705.08110
2820000.0 -3.626200e-04  703.26800
2825000.0  4.302200e-04  705.41910
2830000.0  5.617200e-04  708.22770
2835000.0  5.751600e-04  711.10350
2840000.0  7.032000e-05  711.45510
2845000.0 -6.341000e-04  708.28460
2850000.0  8.269200e-04  712.41920
2855000.0  7.302400e-04  716.07040
2860000.0 -2.980800e-04  714.58000
2860000.0           NaN  714.58000
2865000.0  7.134000e-05  714.93670
2870000.0  4.803400e-04  717.33840
2875000.0  3.917600e-04  719.29720
2880000.0  2.007600e-04  720.30100
2885000.0  4.962000e-05  720.54910
2890000.0  1.473400e-04  721.28580
2895000.0  7.087800e-04  724.82970
2900000.0 -4.095200e-04  722.78210
2905000.0  4.536400e-04  725.05030
2910000.0  6.261200e-04  728.18090
2915000.0  2.506800e-04  729.43430
2920000.0 -3.804000e-05  729.24410
2925000.0  6.679600e-04  732.58390
2930000.0  1.530600e-04  733.34920
2935000.0 -5.976000e-05  733.05040
2940000.0  1.003600e-04  733.55220
2945000.0  5.144000e-05  733.80940
2950000.0  8.493600e-04  738.05620
2955000.0  1.400400e-04  738.75640
2960000.0  4.517200e-04  741.01500
2965000.0  1.628800e-04  741.82940
2970000.0  2.553400e-04  743.10610
2975000.0 -1.132200e-04  742.54000
2980000.0  3.093400e-04  744.08670
2985000.0  5.335200e-04  746.75430
2990000.0 -2.443000e-04  745.53280
2995000.0  4.248400e-04  747.65700
3000000.0  5.013200e-04  750.16360
3005000.0  4.128800e-04  752.22800
3010000.0 -1.988800e-04  751.23360
3015000.0  5.537600e-04  754.00240
3020000.0 -4.810000e-05  753.76190
3025000.0  7.692600e-04  757.60820
3030000.0 -1.465200e-04  756.87560
3035000.0 -6.720000e-05  756.53960
3040000.0  8.025400e-04  760.55230
3045000.0  4.526000e-04  762.81530
3050000.0  3.573000e-04  764.60180
3055000.0 -2.732000e-04  763.23580
3060000.0  4.203600e-04  765.33760
3065000.0  3.788600e-04  767.23190
3070000.0 -4.448000e-04  765.00790
3075000.0  1.212360e-03  771.06970
3080000.0 -1.939600e-04  770.09990
3085000.0 -2.129200e-04  769.03530
3090000.0  5.182400e-04  771.62650
3095000.0  4.318000e-04  773.78550
3100000.0  2.886800e-04  775.22890
3105000.0  2.989400e-04  776.72360
3110000.0 -2.742800e-04  775.35220
3115000.0  5.002200e-04  777.85330
3120000.0  5.076400e-04  780.39150
3125000.0  2.316800e-04  781.54990
3130000.0  1.947200e-04  782.52350
3135000.0 -6.628000e-05  782.19210
3140000.0  6.593000e-04  785.48860
3145000.0  5.181000e-04  788.07910
3150000.0 -2.468600e-04  786.84480
3155000.0  8.269800e-04  790.97970
3160000.0 -4.607800e-04  788.67580
3165000.0  3.799000e-04  790.57530
3170000.0  7.617600e-04  794.38410
3175000.0 -5.514000e-05  794.10840
3180000.0  6.422000e-05  794.42950
3185000.0 -2.748000e-05  794.29210
3190000.0  7.177000e-04  797.88060
3195000.0  7.574000e-05  798.25930
3200000.0  1.667200e-04  799.09290
3205000.0  1.894000e-04  800.03990
3210000.0  4.266200e-04  802.17300
3215000.0  4.067800e-04  804.20690
3220000.0  1.327600e-04  804.87070
3225000.0  8.886000e-04  809.31370
3230000.0 -5.662200e-04  806.48260
3235000.0  6.917200e-04  809.94120
3240000.0  1.241400e-04  810.56190
3240000.0           NaN  810.56190
3245000.0 -1.340000e-04  809.89190
3250000.0  9.909800e-04  814.84680
3255000.0 -5.916000e-05  814.55100
3260000.0 -7.506000e-05  814.17570
3265000.0  4.918000e-04  816.63470
3270000.0 -2.680000e-05  816.50070
3275000.0  3.531000e-04  818.26620
3280000.0  5.371600e-04  820.95200
3285000.0  1.920800e-04  821.91240
3290000.0  4.974400e-04  824.39960
3295000.0 -1.821600e-04  823.48880
3300000.0  6.846400e-04  826.91200
3305000.0 -2.438600e-04  825.69270
3310000.0  1.469600e-04  826.42750
3315000.0  4.347800e-04  828.60140
3320000.0  3.237600e-04  830.22020
3325000.0  5.861400e-04  833.15090
3330000.0 -1.204600e-04  832.54860
3335000.0 -8.934000e-05  832.10190
3340000.0  5.591600e-04  834.89770
3345000.0 -2.756000e-05  834.75990
3350000.0  3.747600e-04  836.63370
3355000.0  1.146800e-04  837.20710
3360000.0  5.800000e-04  840.10710
3365000.0  4.456600e-04  842.33540
3370000.0  2.781000e-04  843.72590
3375000.0 -9.399200e-04  839.02630
3380000.0  9.091800e-04  843.57220
3385000.0  2.883400e-04  845.01390
3390000.0  7.225000e-04  848.62640
3395000.0 -4.462000e-05  848.40330
3400000.0  7.011200e-04  851.90890
3405000.0 -2.901800e-04  850.45800
3410000.0  1.180820e-03  856.36210
3415000.0 -8.507400e-04  852.10840
3420000.0  5.743600e-04  854.98020
3425000.0  8.416000e-05  855.40100
3430000.0  4.105200e-04  857.45360
3435000.0  5.318000e-05  857.71950
3440000.0  7.135200e-04  861.28710
3445000.0 -7.663400e-04  857.45540
3450000.0  3.569800e-04  859.24030
3455000.0  1.391880e-03  866.19970
3460000.0  2.986000e-04  867.69270
3465000.0 -4.646800e-04  865.36930
3470000.0  5.640400e-04  868.18950
3475000.0  2.457800e-04  869.41840
3480000.0  2.428600e-04  870.63270
3485000.0  1.414600e-04  871.34000
3490000.0 -6.284000e-05  871.02580
3495000.0  5.389000e-04  873.72030
3500000.0  7.461400e-04  877.45100
3505000.0 -1.701400e-04  876.60030
3510000.0  2.672200e-04  877.93640
3515000.0  1.765800e-04  878.81930
3520000.0  2.696400e-04  880.16750
3525000.0  6.392000e-04  883.36350
3530000.0  3.424000e-05  883.53470
3535000.0  2.999200e-04  885.03430
3540000.0 -3.415200e-04  883.32670
3545000.0  7.393000e-04  887.02320
3550000.0  6.427800e-04  890.23710
3555000.0 -2.942000e-04  888.76610
3560000.0  5.714000e-05  889.05180
3565000.0  7.184200e-04  892.64390
3570000.0  7.351000e-04  896.31940
3575000.0 -5.960600e-04  893.33910
3580000.0  8.322000e-05  893.75520
3585000.0  3.206000e-04  895.35820
3590000.0  5.693600e-04  898.20500
3595000.0 -2.036600e-04  897.18670
3600000.0  7.193400e-04  900.78340
3605000.0  2.321800e-04  901.94430
3610000.0  7.534000e-05  902.32100
3615000.0  2.053400e-04  903.34770
3620000.0  5.572000e-05  903.62630
3620000.0           NaN  903.62630
3625000.0  7.048400e-04  907.15050
3630000.0  3.207400e-04  908.75420
3635000.0 -2.563800e-04  907.47230
3640000.0  5.690600e-04  910.31760
3645000.0  1.176400e-04  910.90580
3650000.0  8.806600e-04  915.30910
3655000.0 -4.157200e-04  913.23050
3660000.0  7.867800e-04  917.16440
3665000.0  1.324800e-04  917.82680
3670000.0 -2.380000e-04  916.63680
3675000.0  1.184160e-03  922.55760
3680000.0 -4.132200e-04  920.49150
3685000.0 -6.388000e-04  917.29750
3690000.0  6.820800e-04  920.70790
3695000.0  7.027000e-04  924.22140
3700000.0  1.412000e-04  924.92740
3705000.0  5.905800e-04  927.88030
3710000.0 -6.276000e-04  924.74230
3715000.0  8.579000e-04  929.03180
3720000.0  7.895200e-04  932.97940
3725000.0  3.114800e-04  934.53680
3730000.0 -1.278260e-03  928.14550
3735000.0  1.029860e-03  933.29480
3740000.0 -3.469800e-04  931.55990
3745000.0  6.845400e-04  934.98260
3750000.0  7.336600e-04  938.65090
3755000.0 -4.256200e-04  936.52280
3760000.0  5.590400e-04  939.31800
3765000.0  4.799000e-04  941.71750
3770000.0  1.188000e-04  942.31150
3775000.0  9.525600e-04  947.07430
3780000.0 -9.284400e-04  942.43210
3785000.0  1.011860e-03  947.49140
3790000.0 -3.155400e-04  945.91370
3795000.0  3.816600e-04  947.82200
3800000.0  5.348400e-04  950.49620
3805000.0  1.793000e-04  951.39270
3810000.0 -7.798000e-05  951.00280
3815000.0  6.388800e-04  954.19720
3820000.0  4.274800e-04  956.33460
3825000.0  3.831800e-04  958.25050
3830000.0  5.028800e-04  960.76490
3835000.0  2.218400e-04  961.87410
3840000.0 -5.970600e-04  958.88880
3845000.0  2.209000e-04  959.99330
3850000.0  4.039400e-04  962.01300
3855000.0  2.492800e-04  963.25940
3860000.0  3.277600e-04  964.89820
3865000.0 -3.520200e-04  963.13810
3870000.0  1.175220e-03  969.01420
3875000.0  3.464200e-04  970.74630
3880000.0 -2.699200e-04  969.39670
3885000.0  1.159340e-03  975.19340
3890000.0 -1.833400e-04  974.27670
3895000.0 -2.534000e-04  973.00970
3900000.0  9.594000e-05  973.48940
3905000.0  1.460580e-03  980.79230
3910000.0 -4.169600e-04  978.70750
3915000.0 -2.761600e-04  977.32670
3920000.0  6.659800e-04  980.65660
3925000.0  1.722200e-04  981.51770
3930000.0  5.799800e-04  984.41760
3935000.0 -4.753800e-04  982.04070
3940000.0  5.165600e-04  984.62350
3945000.0 -2.300400e-04  983.47330
3950000.0  8.068200e-04  987.50740
3955000.0  1.306000e-05  987.57270
3960000.0  7.969000e-04  991.55720
3965000.0 -1.502200e-04  990.80610
3970000.0  1.253340e-03  997.07280
3975000.0 -7.242800e-04  993.45140
3980000.0  4.041600e-04  995.47220
3985000.0 -1.432000e-05  995.40060
3990000.0  1.023080e-03 1000.51600
3995000.0 -3.040800e-04  998.99560
4000000.0  2.274800e-04 1000.13300