  50.02520  5.356884e+02 -1000302.0
  50.07719 -3.481439e+03 -1000483.0
  49.98306 -1.423563e+03 -1000349.0
  49.94593 -2.423916e+03 -1000259.0
  50.04849  6.630265e+02 -1000191.0
  49.93347  5.738132e+02 -1000257.0
  49.90896 -3.671971e+03 -1000167.0
  49.92371 -1.816949e+04 -1000435.0
  49.94087  1.206294e+04 -1000228.0
  49.95381 -1.646059e+04 -1000441.0
  50.00870  5.793405e+03 -1000123.0
  50.02479 -1.802362e+03 -1000152.0
  49.89722  1.301246e+03 -1000318.0
  49.87991  3.408434e+03 -1000377.0
  49.97135  2.657480e+03 -1000134.0
  49.83538  7.354564e+02 -1000234.0
  50.04439 -6.028420e+02 -1000360.0
  50.04433 -3.783333e+06 -1000133.0
  49.96987 -1.154983e+03 -1000047.0
  49.97059 -3.861111e+05 -1000325.0
  50.14314 -1.274993e+03 -1000545.0
  49.97477 -8.018055e+02 -1000410.0
  49.97483  2.050000e+06 -1000287.0
  49.92089 -2.187616e+03 -1000169.0
  50.11244 -1.451318e+03 -1000447.0
  50.00681 -8.520307e+01 -1000438.0
  49.76486 -1.450713e+03 -1000087.0
  49.96732 -8.742468e+02 -1000264.0
  50.14689 -2.840118e+02 -1000315.0
  49.94456 -3.410270e+02 -1000246.0
  50.10931 -5.220030e+02 -1000332.0
  49.87208  4.004553e+02 -1000427.0
  50.12216  8.477287e+02 -1000215.0
  50.03978 -2.184996e+03 -1000035.0
  50.15276 -8.143034e+02 -1000127.0
  50.08127  1.063086e+03 -1000203.0
  50.06187  3.608247e+03 -1000273.0
  49.82979  7.325060e+02 -1000443.0
  49.82979           NaN -1000443.0
  62.54216  5.769971e+01  -999709.5
  75.21268  7.728965e+01  -998730.2
  87.16183  1.802639e+01  -998514.8
  99.81229  5.274907e+01  -997847.5
 112.73400  6.469732e+01  -997011.5
 124.94130  3.270994e+01  -996612.2
 137.20730  7.060166e+01  -995746.2
 150.42780  6.115502e+01  -994937.7
 162.25270  3.083324e+01  -994573.1
 174.69640  3.730402e+01  -994108.9
 187.47600  5.078406e+01  -993459.9
 199.84870  6.338148e+01  -992675.7
 212.84680 -5.893169e+00  -992752.3
 224.84870  1.119156e+02  -991409.1
 237.15060 -1.400597e+01  -991581.4
 249.87310  1.180979e+02  -990078.9
 262.59010 -4.843910e+00  -990140.5
 274.50980  4.314706e+01  -989626.2
 287.30740  4.790742e+01  -989013.1
 300.04660  7.313646e+01  -988081.4
 311.57110  1.061825e+02  -986857.7
 325.39610  2.495479e+00  -986823.2
 337.25520  5.137827e+01  -986213.9
 349.54360  9.103708e+01  -985095.2
 361.61240  2.692894e+00  -985062.7
 375.45840  7.005633e+01  -984092.7
 387.76620 -1.912608e+01  -984328.1
 400.63890  1.587934e+02  -982284.0
 412.71400 -1.048439e+01  -982410.6
 424.58270  2.646457e+01  -982096.5
 438.74690  2.979342e+01  -981674.5
 450.54970  8.817399e+01  -980633.8
 461.87130  9.439479e+01  -979565.1
 475.90040 -3.019438e+01  -979988.7
 486.01440  1.240755e+02  -978733.8
 499.78130  5.477631e+01  -977979.7
 513.42290  2.312779e+01  -977664.2
 523.99270  4.008591e+01  -977240.5
 537.41930  1.227340e+02  -975592.6
 550.44130  6.896790e+01  -974694.5
 562.01630  1.852268e+01  -974480.1
 576.42320  3.722522e+01  -973943.8
 587.78240  7.099972e+01  -973137.3
 600.74780  7.388125e+01  -972179.4
 612.86360  2.229320e+01  -971909.3
 624.55510  6.190822e+01  -971185.5
 636.28880  8.574448e+01  -970179.4
 649.33230  1.046498e+01  -970042.9
 661.30720  7.706119e+01  -969120.1
 676.00070  6.930275e+01  -968101.8
 686.24430 -7.067828e+01  -968825.8
 699.45880  1.204889e+02  -967233.6
 712.80540  1.209896e+02  -965618.8
 727.39050 -7.791513e+01  -966755.2
 736.18600  1.503951e+02  -965432.4
 751.76290  9.455026e+01  -963959.6
 763.31590  1.588332e+01  -963776.1
 775.01110  2.124803e+01  -963527.6
 787.31760  5.358144e+01  -962868.2
 797.98430  7.331227e+01  -962086.2
 811.85630  9.065023e+01  -960828.7
 825.53150  9.944279e+01  -959468.8
 838.46730  8.944170e+00  -959353.1
 853.20900  1.337973e+02  -957380.7
 863.25550  6.498781e+01  -956727.8
 871.86900 -1.678760e+01  -956872.4
 886.91310  1.782626e+02  -954190.6
 896.33020 -3.913094e+01  -954559.1
 912.09940  9.225579e+01  -953104.3
 925.31080  5.261365e+01  -952409.2
 936.96660  1.668526e+02  -950464.4
 951.91380  4.388113e+01  -949808.5
 963.88500  8.654103e+00  -949704.9
 977.64240  1.037115e+02  -948278.1
 985.96650  2.104131e+02  -946526.6
1001.90100 -1.609715e+01  -946783.1